name: SFAN_QC
channels:
  - esri
  - bioconda
  - conda-forge
  - defaults
dependencies:
  - asttokens=2.4.1=pyhd8ed1ab_0
  - backcall=0.2.0=pyhd3eb1b0_0
  - bottleneck=1.3.8=py311h59ca53f_0
  - brotli=1.0.9=0
  - brotli-bin=1.0.9=0
  - colorama=0.4.6=pyhd8ed1ab_0
  - contourpy=1.2.1=py311h005e61a_0
  - cycler=0.12.1=pyhd8ed1ab_0
  - debugpy=1.8.1=py311h12c1d0e_0
  - decorator=5.1.1=pyhd8ed1ab_0
  - entrypoints=0.4=pyhd8ed1ab_0
  - et_xmlfile=1.1.0=pyhd8ed1ab_0
  - executing=2.0.1=pyhd8ed1ab_0
  - freetype=2.10.4=vc14_3
  - intel-openmp=2024.1.0=h57928b3_966
  - ipykernel=6.16.0=pyhe27bfd8_2
  - ipython=7.34.0=pyhbfea036_1
  - jedi=0.18.2=py_1
  - jpeg=9e=0
  - jupyter_client=6.1.12=py_0
  - jupyter_core=4.11.2=py311_1
  - kiwisolver=1.4.5=py311h005e61a_1
  - libblas=3.9.0=22_win64_mkl
  - libbrotlicommon=1.0.9=0
  - libbrotlidec=1.0.9=0
  - libbrotlienc=1.0.9=0
  - libcblas=3.9.0=22_win64_mkl
  - libdeflate=1.17=h2bbff1b_1
  - liblapack=3.9.0=22_win64_mkl
  - libpng=1.6.42=3
  - libsodium=1.0.18=5
  - libtiff=4.6.0=2
  - libwebp-base=1.4.0=hcfcfb64_0
  - lz4-c=1.9.4=0
  - matplotlib-base=3.8.4=py311hf62ec03_0
  - mkl=2024.1.0=h66d3029_692
  - munkres=1.0.7=py_1
  - nest-asyncio=1.3.2=py_0
  - numexpr=2.8.4=py311_2
  - numpy=1.25.2=py311h0b4df5a_0
  - openjpeg=2.5.0=1
  - openpyxl=3.0.9=pyhd8ed1ab_0
  - openssl=3.0.13=0
  - packaging=24.0=pyhd8ed1ab_0
  - pandas=2.0.2=py311_0
  - parso=0.8.4=pyhd8ed1ab_0
  - patsy=0.5.6=pyhd8ed1ab_0
  - pickleshare=0.7.5=py_1003
  - pip=23.3.2=py311_0
  - prompt-toolkit=3.0.42=py_0
  - prompt_toolkit=3.0.42=0
  - psutil=5.9.8=py311ha68e1ae_0
  - pure_eval=0.2.2=pyhd8ed1ab_0
  - pygments=2.17.2=py_0
  - pyodbc=5.1.0=py311h12c1d0e_0
  - python=3.11.8=5
  - python-dateutil=2.9.0=pyhd8ed1ab_0
  - python_abi=3.11=2_cp311
  - pytz=2022.6=py311_0
  - pywin32=306=py311h12c1d0e_2
  - pywin32-ctypes=0.2.0=py311_1
  - pyzmq=25.0.2=py311_2
  - seaborn=0.13.2=hd8ed1ab_2
  - seaborn-base=0.13.2=pyhd8ed1ab_2
  - setuptools=68.2.2=py311_0
  - six=1.16.0=py_0
  - sqlite=3.45.1=0
  - stack_data=0.5.1=py_0
  - statsmodels=0.14.2=py311h0a17f05_0
  - tbb=2021.8.0=h59b6b97_0
  - tornado=6.4=py311ha68e1ae_0
  - traitlets=5.5.0=py_0
  - ucrt=10.0.22621.0=h57928b3_0
  - vc=14.3=ha32ba9b_20
  - vc14_runtime=14.38.33135=h835141b_20
  - vs2015_runtime=14.38.33135=h22015db_20
  - wcwidth=0.2.13=pyhd8ed1ab_0
  - wheel=0.43.0=pyhd8ed1ab_1
  - xz=5.4.6=h8cc25b3_1
  - zeromq=4.3.5=0
  - zlib=1.2.13=0
  - zlib-ng=2.1.6=0
  - zstd=1.5.5=0
  - pip:
      - affine==2.4.0
      - appdirs==1.4.4
      - attrs==23.2.0
      - cattrs==23.2.3
      - certifi==2024.2.2
      - charset-normalizer==3.3.2
      - click==8.1.7
      - click-plugins==1.1.1
      - cligj==0.7.2
      - dclab==0.59.1
      - fiona==1.9.6
      - fonttools==4.51.0
      - geojson-rewind==1.1.0
      - geomet==1.1.0
      - geopandas==0.14.4
      - h5py==3.11.0
      - hdf5plugin==4.4.0
      - idna==3.7
      - importlib-resources==6.4.0
      - matplotlib==3.9.0
      - pillow==10.3.0
      - pygbif==0.6.4
      - pyparsing==3.1.2
      - pyproj==3.6.1
      - rasterio==1.3.10
      - rasterstats==0.19.0
      - requests==2.31.0
      - requests-cache==1.2.0
      - scipy==1.13.1
      - session-info==1.0.0
      - shapely==2.0.4
      - simplejson==3.19.2
      - snuggs==1.4.7
      - stdlib-list==0.10.0
      - tzdata==2024.1
      - url-normalize==1.4.3
      - urllib3==2.2.1
      - xlsxwriter==3.2.0
prefix: C:\Users\KSherrill\AppData\Local\miniforge3\envs\SFAN_QC
[0m[0m